12007073.004
2830060.756
20533496.272
1606087.616
478363.838
5703832.597
688616.639
482069.987
1907380.817
113247.316
4191204.275
496277.786
4189604.555
1847467.127
146272.547
1167846.402
1589606.227
3149976.492
407674.491
123033.735
2117774.065
118113.059
1183327.666
4787750.750
578512.076
9577387.173
409413.619
1099017.952
1743962.089
1470248.425
494832.143
3468906.249
5675753.182
24970523.402
464918.343
14631614.540
777232.140
1288509.786
454073.249
10176579.776
2684629.808
7236615.216
459835.093
203586.309
3453020.596
10850205.453
6563929.874
344297.022
994888.006
1477462.309
1527578.746
227780.794
4056871.011
218387.369
2127407.714
352215.871
5846707.165
4574528.302
2959765.614
696303.871
10985984.674
4080023.421
3985492.003
318652.087
345577.332
2807890.791
382710.663
13829683.342
656770.020
904944.236
267405.247
252396.315
344697.219
1606585.281
799463.020
1960012.840
854065.704
10705035.708
1947205.299
3753511.359
2219430.625
7459830.061
4392413.140
8100480.823
3009592.039
309962.324
432248.254
931748.047
443211.327
1482184.299
878587.350
2236948.124
2913300.020
215630.980
296719.668
196850.275
4727941.209
1979200.206
1152213.170
543173.766
1659350.389
315366.403
346994.194
5755697.112
6790627.462
1079942.147
2614699.465
2730027.580
259985.512
645561.676
6699276.633
338695.597
8310036.102
3907444.164
1555271.497
760365.065
532158.285
2419449.490
3747306.667
1438549.052
8533553.008
1467702.467
3824995.512
169858.464
723473.369
3115353.002
261523.254
7606002.507
1573360.673
1603861.758
757689.821
9451215.651
11603810.480
181562.290
152909.342
722850.064
11080549.738
140465.956
208296.714
475451.853
4300202.416
2673268.801
265140.588
363207.434
5173093.651
133628.443
241121.121
3473982.978
190407.249
156221.046
370001.694
134189.110
239910.299
1259428.892
8208216.244
741461.460
9062853.937
5472632.244
3092182.836
10360044.893
1974084.469
14611969.458
5368535.776
557156.537
1031031.742
18360221.461
65914.479
2302764.126
1118491.671
4044447.580
1156766.126
1376954.294
3981886.622
1278072.423
5428592.346
5490386.553
15070509.533
415684.041
550800.052
2269837.584
2108228.697
190099.685
3336463.823
1027199.724
8822973.963
370192.752
33145014.144
536938.666
27704630.079
1132908.970
2084147.914
3286419.072
382676.541
1150231.581
696922.969
510440.132
9407753.134
305339.772
4349787.113
313746.533
613048.837
20717107.384
4361520.645
73616.591
15671667.172
442588.466
19690434.364
5696556.109
1225296.943
15589137.791
1820277.614
1797106.760
1043642.769
471913.949
178618.887
815036.497
15194525.076
3139472.615
195735.487
1226000.817
8752261.840
8848346.422
568064.774
334590.739
9110836.813
180470.460
4498128.857
271857.714
2252950.013
1805992.236
111559.154
132154.083
2599600.823
6821070.957
5021216.638
16365361.012
360189.451
1367580.486
257796.565
562158.042
317117.242
957985.117
2180820.794
654471.814
13314062.434
5726175.183
11603293.824
142496.242
401255.596
3277438.366
