0.113
-0.879
0.754
0.159
0.857
0.277
0.162
0.930
0.992
0.882
1.030
0.008
-0.677
0.489
-0.114
0.646
0.466
0.750
-0.653
-0.569
-0.232
-0.568
0.128
-0.833
-0.914
-0.911
-0.551
-0.587
-0.613
0.681
0.510
1.059
0.202
-0.095
0.375
0.921
0.100
0.750
-0.478
0.682
-0.520
-0.157
-0.218
-0.613
0.369
0.936
0.739
0.450
0.920
-0.732
0.869
0.678
-0.092
-0.009
0.311
0.268
0.447
-0.994
-0.518
1.024
1.038
-0.548
-0.897
-0.263
0.882
0.552
0.897
-0.558
0.535
0.661
-0.665
0.124
-0.891
0.936
0.706
0.543
0.285
-0.948
0.233
0.115
0.212
-0.717
-0.925
0.549
-0.193
-0.846
-0.259
0.756
0.912
-0.499
-0.795
-0.377
0.870
0.036
1.058
0.225
-0.088
-0.875
-0.985
0.684
-0.765
0.063
0.913
0.306
0.801
-0.979
-0.552
-0.270
0.755
-0.809
0.044
-0.888
0.495
0.677
-0.913
-0.896
0.404
0.115
0.004
0.513
-0.434
0.186
0.020
-0.329
0.306
-0.256
-0.420
0.599
-0.794
1.054
0.178
0.155
-0.328
0.205
0.045
0.146
-0.936
-0.825
0.910
1.027
-0.597
-0.975
0.716
0.858
-0.551
-0.721
0.268
-0.709
-0.759
0.408
-0.985
-0.774
0.483
0.529
0.931
-0.719
-0.627
0.485
0.466
0.273
0.095
-0.239
0.980
0.066
0.615
-0.932
-0.695
-0.301
0.943
-0.672
0.163
0.886
0.513
0.457
0.782
-0.711
-0.192
0.753
-0.134
-0.671
0.045
0.330
-0.635
0.756
0.255
-0.842
-0.956
0.420
-0.637
0.294
0.774
-0.972
0.033
0.823
0.686
0.302
0.136
-0.593
0.313
1.038
